0 0.6109375 0.39765625 0.0859375 0.0796875
0 0.17421875 0.4859375 0.08671875 0.278125
0 0.39453125 0.49453125 0.08984375 0.29453125
0 0.1734375 0.39140625 0.08515625 0.08125
0 0.8296875 0.496875 0.0875 0.28046875
0 0.8234375 0.84609375 0.11640625 0.21484375
0 0.6125 0.49453125 0.08671875 0.275
0 0.82890625 0.1578125 0.12578125 0.228125
0 0.6109375 0.8453125 0.12109375 0.21875
0 0.6109375 0.15859375 0.12890625 0.22890625
0 0.3890625 0.8484375 0.11953125 0.2171875
0 0.1734375 0.846875 0.11953125 0.221875
0 0.17578125 0.159375 0.1265625 0.23203125
0 0.82734375 0.39765625 0.084375 0.08046875
0 0.3921875 0.390625 0.0828125 0.0796875
0 0.3921875 0.1578125 0.12734375 0.22890625