0 0.115625 0.56640625 0.059375 0.25078125
0 0.31953125 0.5828125 0.06875 0.2515625
0 0.878125 0.58359375 0.05859375 0.21640625
0 0.76875 0.58125 0.07578125 0.259375
0 0.69375 0.49765625 0.05859375 0.24375
0 0.41953125 0.6171875 0.06171875 0.18515625
0 0.3953125 0.4515625 0.05390625 0.17265625
0 0.2171875 0.58046875 0.0765625 0.28828125
0 0.6375 0.58203125 0.0703125 0.2015625
0 0.48359375 0.50078125 0.0515625 0.25546875
0 0.11015625 0.71875 0.096875 0.5484375
0 0.54296875 0.58671875 0.08125 0.26953125