0 0.31015625 0.12578125 0.1296875 0.22734375
0 0.48828125 0.14296875 0.13984375 0.25234375
0 0.63125 0.14375 0.12890625 0.2546875
0 0.76796875 0.18203125 0.10078125 0.3421875
0 0.05078125 0.415625 0.078125 0.21015625
0 0.121875 0.4828125 0.0734375 0.2453125
0 0.9734375 0.471875 0.053125 0.159375
0 0.7953125 0.5015625 0.1125 0.1078125
0 0.23046875 0.815625 0.12734375 0.34375
0 0.38984375 0.7875 0.11875 0.278125
0 0.56640625 0.80703125 0.16015625 0.29375
0 0.75703125 0.87109375 0.17578125 0.171875
0 0.896875 0.809375 0.11875 0.23984375