0 0.16796875 0.38203125 0.04140625 0.12265625
0 0.92890625 0.63046875 0.0234375 0.034375
0 0.70625 0.78671875 0.1328125 0.13046875
0 0.57734375 0.221875 0.05859375 0.20078125
0 0.840625 0.653125 0.03984375 0.05
0 0.28671875 0.84453125 0.10234375 0.1625
0 0.4796875 0.7953125 0.15859375 0.1171875
0 0.74296875 0.75625 0.05703125 0.06328125
0 0.95703125 0.65234375 0.0859375 0.08203125
0 0.28828125 0.31796875 0.065625 0.15703125
0 0.36875 0.10078125 0.06015625 0.17578125
0 0.1921875 0.23125 0.0234375 0.03828125
0 0.165625 0.17890625 0.021875 0.0234375
0 0.5265625 0.7671875 0.0609375 0.0671875
0 0.384375 0.6625 0.13671875 0.08203125
0 0.57578125 0.42578125 0.0390625 0.0609375
0 0.26015625 0.265625 0.028125 0.03203125
0 0.05703125 0.5078125 0.04140625 0.05546875
0 0.465625 0.18203125 0.05234375 0.17890625
0 0.225 0.26328125 0.04375 0.0515625
0 0.16484375 0.703125 0.0546875 0.06953125
0 0.3578125 0.05546875 0.0359375 0.08125
0 0.05234375 0.46328125 0.0265625 0.034375
0 0.69609375 0.64765625 0.04765625 0.0453125
0 0.81015625 0.31953125 0.10390625 0.259375
0 0.9859375 0.44375 0.028125 0.06171875
0 0.659375 0.76640625 0.096875 0.08671875
0 0.3953125 0.33046875 0.028125 0.0453125
0 0.31484375 0.16640625 0.0609375 0.17265625