0 0.12265625 0.58984375 0.1203125 0.16875
0 0.28046875 0.44296875 0.07734375 0.15234375
0 0.36796875 0.2421875 0.12890625 0.12265625
0 0.5953125 0.040625 0.07109375 0.08046875
0 0.659375 0.29453125 0.12734375 0.140625
0 0.8828125 0.22890625 0.228125 0.24921875
0 0.88203125 0.6109375 0.21875 0.36015625
0 0.81875 0.678125 0.15546875 0.20859375
0 0.51796875 0.77421875 0.0921875 0.2796875
0 0.378125 0.70390625 0.20390625 0.325
0 0.4328125 0.45546875 0.06953125 0.0765625
0 0.146875 0.54140625 0.0703125 0.0703125
0 0.10546875 0.39609375 0.20546875 0.2609375
0 0.678125 0.565625 0.06015625 0.16328125