0 0.721875 0.26875 0.1015625 0.234375
0 0.41953125 0.27734375 0.0890625 0.21875
0 0.13203125 0.29375 0.09296875 0.21171875
0 0.57265625 0.49296875 0.08515625 0.15546875
0 0.88359375 0.5015625 0.08203125 0.20390625
0 0.88515625 0.42890625 0.07734375 0.05859375
0 0.775 0.73515625 0.0796875 0.2453125
0 0.36015625 0.70625 0.115625 0.17109375
0 0.1609375 0.7078125 0.115625 0.22109375
0 0.31015625 0.05234375 0.0953125 0.10390625
0 0.56875 0.0484375 0.13515625 0.096875
0 0.85234375 0.06484375 0.15703125 0.1296875
0 0.98515625 0.24609375 0.0296875 0.2140625
0 0.57578125 0.73984375 0.0984375 0.25234375