0 0.7625 0.91875 0.18984375 0.15078125
0 0.07734375 0.36875 0.14921875 0.38046875
0 0.328125 0.453125 0.378125 0.3671875
0 0.5125 0.52890625 0.2359375 0.3265625
0 0.2421875 0.89609375 0.36640625 0.1953125
0 0.7 0.58515625 0.27890625 0.35703125
0 0.3171875 0.14140625 0.303125 0.2734375
0 0.48984375 0.19453125 0.23359375 0.2953125
0 0.6359375 0.2265625 0.19140625 0.30625
0 0.08671875 0.0796875 0.1734375 0.15546875
0 0.19140625 0.13125 0.13671875 0.2484375
0 0.3703125 0.91328125 0.14609375 0.15859375